255 255 255 255 255 255 255 255 255 255 255 255 255 255 255 255
255 255 255 255 255 255 255 255 255 255 255 255 255 255 255 255
255 255   0   0   0   0   0   0   0   0   0   0   0   0 255 255
255 255   0   0   0   0   0   0   0   0   0   0   0   0 255 255
255 255   0   0   0   0   0   0   0   0   0   0   0   0 255 255
255 255   0   0   0 240 240 240   0 222 205   0   0   0 255 255
255 255   0   0   0 240 240 240 240 150 220   0   0   0 255 255
255 255   0   0   0 240 240 240 240 240 240   0   0   0 255 255
255 255   0   0   0 240 240 240 240 240 240   0   0   0 255 255
255 255   0   0   0 240 240 240 240 240 240   0   0   0 255 255
255 255   0   0   0 240 240 240 240 240 240   0   0   0 255 255
255 255   0   0   0   0   0   0   0   0   0   0   0   0 255 255
255 255   0   0   0   0   0   0   0   0   0   0   0   0 255 255
255 255   0   0   0   0   0   0   0   0   0   0   0   0 255 255
255 255 255 255 255 255 255 255 255 255 255 255 255 255 255 255
255 255 255 255 255 255 255 255 255 255 255 255 255 255 255 255
255 255 255 255 255 255 255 255 255 255 255 255 255 255 255 255
255 255 255 255 255 255 255 255 255 255 255 255 255 255 255 255
255 255   0   0   0   0   0   0   0   0   0   0   0   0 255 255
255 255   0   0   0   0   0   0   0   0   0   0   0   0 255 255
255 255   0   0   0   0   0   0   0   0   0   0   0   0 255 255
255 255   0   0   0 240 240 240   0 222 205   0   0   0 255 255
255 255   0   0   0 240 240 240 240 150 220   0   0   0 255 255
255 255   0   0   0 240 240 240 240 240 240   0   0   0 255 255
255 255   0   0   0 240 240 240 240 240 240   0   0   0 255 255
255 255   0   0   0 240 240 240 240 240 240   0   0   0 255 255
255 255   0   0   0 240 240 240 240 240 240   0   0   0 255 255
255 255   0   0   0   0   0   0   0   0   0   0   0   0 255 255
255 255   0   0   0   0   0   0   0   0   0   0   0   0 255 255
255 255   0   0   0   0   0   0   0   0   0   0   0   0 255 255
255 255 255 255 255 255 255 255 255 255 255 255 255 255 255 255
255 255 255 255 255 255 255 255 255 255 255 255 255 255 255 255
255 255 255 255 255 255 255 255 255 255 255 255 255 255 255 255
255 255 255 255 255 255 255 255 255 255 255 255 255 255 255 255
255 255   0   0   0   0   0   0   0   0   0   0   0   0 255 255
255 255   0   0   0   0   0   0   0   0   0   0   0   0 255 255
255 255   0   0   0   0   0   0   0   0   0   0   0   0 255 255
255 255   0   0   0 240 240 240   0 222 205   0   0   0 255 255
255 255   0   0   0 240 240 240 240 150 220   0   0   0 255 255
255 255   0   0   0 240 240 240 240 240 240   0   0   0 255 255
255 255   0   0   0 240 240 240 240 240 240   0   0   0 255 255
255 255   0   0   0 240 240 240 240 240 240   0   0   0 255 255
255 255   0   0   0 240 240 240 240 240 240   0   0   0 255 255
255 255   0   0   0   0   0   0   0   0   0   0   0   0 255 255
255 255   0   0   0   0   0   0   0   0   0   0   0   0 255 255
255 255   0   0   0   0   0   0   0   0   0   0   0   0 255 255
255 255 255 255 255 255 255 255 255 255 255 255 255 255 255 255
255 255 255 255 255 255 255 255 255 255 255 255 255 255 255 255

255 255 255 255 255 255 255 255 255 255 255 255 255 255 255 255
255 214 153 153 153 153 153 153 153 153 153 153 153 153 214 255
255 153   0   0   0   0   0   0   0   0   0   0   0   0 153 255
255 153   0   0   0   0   0   0   0   0   0   0   0   0 153 255
255 153   0   0   9  42  43  48  48  48  48   9   0   0 153 255
255 153   0   0  38 122 125 231 240 240 240  48   0   0 153 255
255 153   0   0  39 125 120 230 240 240 240  48   0   0 153 255
255 153   0   0  45 128 153 231 240 240 240  48   0   0 153 255
255 153   0   0  28  91  98 232 240 240 240  48   0   0 153 255
255 153   0   0  33 188 233 239 240 240 240  48   0   0 153 255
255 153   0   0  28 112 153 232 240 240 240  48   0   0 153 255
255 153   0   0   8  43  48  48  48  48  48   9   0   0 153 255
255 153   0   0   0   0   0   0   0   0   0   0   0   0 153 255
255 153   0   0   0   0   0   0   0   0   0   0   0   0 153 255
255 214 153 153 153 153 153 153 153 153 153 153 153 153 214 255
255 255 255 255 255 255 255 255 255 255 255 255 255 255 255 255
255 255 255 255 255 255 255 255 255 255 255 255 255 255 255 255
255 214 153 153 153 153 153 153 153 153 153 153 153 153 214 255
255 153   0   0   0   0   0   0   0   0   0   0   0   0 153 255
255 153   0   0   0   0   0   0   0   0   0   0   0   0 153 255
255 153   0   0   9  42  43  48  48  48  48   9   0   0 153 255
255 153   0   0  38 122 125 231 240 240 240  48   0   0 153 255
255 153   0   0  39 125 120 230 240 240 240  48   0   0 153 255
255 153   0   0  45 128 153 231 240 240 240  48   0   0 153 255
255 153   0   0  28  91  98 232 240 240 240  48   0   0 153 255
255 153   0   0  33 188 233 239 240 240 240  48   0   0 153 255
255 153   0   0  28 112 153 232 240 240 240  48   0   0 153 255
255 153   0   0   8  43  48  48  48  48  48   9   0   0 153 255
255 153   0   0   0   0   0   0   0   0   0   0   0   0 153 255
255 153   0   0   0   0   0   0   0   0   0   0   0   0 153 255
255 214 153 153 153 153 153 153 153 153 153 153 153 153 214 255
255 255 255 255 255 255 255 255 255 255 255 255 255 255 255 255
255 255 255 255 255 255 255 255 255 255 255 255 255 255 255 255
255 214 153 153 153 153 153 153 153 153 153 153 153 153 214 255
255 153   0   0   0   0   0   0   0   0   0   0   0   0 153 255
255 153   0   0   0   0   0   0   0   0   0   0   0   0 153 255
255 153   0   0   9  42  43  48  48  48  48   9   0   0 153 255
255 153   0   0  38 122 125 231 240 240 240  48   0   0 153 255
255 153   0   0  39 125 120 230 240 240 240  48   0   0 153 255
255 153   0   0  45 128 153 231 240 240 240  48   0   0 153 255
255 153   0   0  28  91  98 232 240 240 240  48   0   0 153 255
255 153   0   0  33 188 233 239 240 240 240  48   0   0 153 255
255 153   0   0  28 112 153 232 240 240 240  48   0   0 153 255
255 153   0   0   8  43  48  48  48  48  48   9   0   0 153 255
255 153   0   0   0   0   0   0   0   0   0   0   0   0 153 255
255 153   0   0   0   0   0   0   0   0   0   0   0   0 153 255
255 214 153 153 153 153 153 153 153 153 153 153 153 153 214 255
255 255 255 255 255 255 255 255 255 255 255 255 255 255 255 255

255 255 255 255 255 255 255 255 255 255 255 255 255 255 255 255
255 214 153 153 153 153 153 153 153 153 153 153 153 153 214 255
255 153   0   0   0   0   0   0   0   0   0   0   0   0 153 255
255 153   0   0   0   0   0   0   0   0   0   0   0   0 153 255
255 153   0   0   9  48  48  48  48  48  48   9   0   0 153 255
255 153   0   0  48 240 240 240 240 240 240  48   0   0 153 255
255 153   0   0  48 240 240 240 240 240 240  48   0   0 153 255
255 153   0   0  48 240 240 240 240 240 240  48   0   0 153 255
255 153   0   0  48 231 230 231 232 239 232  48   0   0 153 255
255 153   0   0  43 125 120 153  98 233 153  48   0   0 153 255
255 153   0   0  42 122 125 128  91 188 112  43   0   0 153 255
255 153   0   0   9  38  39  45  28  33  28   8   0   0 153 255
255 153   0   0   0   0   0   0   0   0   0   0   0   0 153 255
255 153   0   0   0   0   0   0   0   0   0   0   0   0 153 255
255 214 153 153 153 153 153 153 153 153 153 153 153 153 214 255
255 255 255 255 255 255 255 255 255 255 255 255 255 255 255 255
255 255 255 255 255 255 255 255 255 255 255 255 255 255 255 255
255 214 153 153 153 153 153 153 153 153 153 153 153 153 214 255
255 153   0   0   0   0   0   0   0   0   0   0   0   0 153 255
255 153   0   0   0   0   0   0   0   0   0   0   0   0 153 255
255 153   0   0   9  48  48  48  48  48  48   9   0   0 153 255
255 153   0   0  48 240 240 240 240 240 240  48   0   0 153 255
255 153   0   0  48 240 240 240 240 240 240  48   0   0 153 255
255 153   0   0  48 240 240 240 240 240 240  48   0   0 153 255
255 153   0   0  48 231 230 231 232 239 232  48   0   0 153 255
255 153   0   0  43 125 120 153  98 233 153  48   0   0 153 255
255 153   0   0  42 122 125 128  91 188 112  43   0   0 153 255
255 153   0   0   9  38  39  45  28  33  28   8   0   0 153 255
255 153   0   0   0   0   0   0   0   0   0   0   0   0 153 255
255 153   0   0   0   0   0   0   0   0   0   0   0   0 153 255
255 214 153 153 153 153 153 153 153 153 153 153 153 153 214 255
255 255 255 255 255 255 255 255 255 255 255 255 255 255 255 255
255 255 255 255 255 255 255 255 255 255 255 255 255 255 255 255
255 214 153 153 153 153 153 153 153 153 153 153 153 153 214 255
255 153   0   0   0   0   0   0   0   0   0   0   0   0 153 255
255 153   0   0   0   0   0   0   0   0   0   0   0   0 153 255
255 153   0   0   9  48  48  48  48  48  48   9   0   0 153 255
255 153   0   0  48 240 240 240 240 240 240  48   0   0 153 255
255 153   0   0  48 240 240 240 240 240 240  48   0   0 153 255
255 153   0   0  48 240 240 240 240 240 240  48   0   0 153 255
255 153   0   0  48 231 230 231 232 239 232  48   0   0 153 255
255 153   0   0  43 125 120 153  98 233 153  48   0   0 153 255
255 153   0   0  42 122 125 128  91 188 112  43   0   0 153 255
255 153   0   0   9  38  39  45  28  33  28   8   0   0 153 255
255 153   0   0   0   0   0   0   0   0   0   0   0   0 153 255
255 153   0   0   0   0   0   0   0   0   0   0   0   0 153 255
255 214 153 153 153 153 153 153 153 153 153 153 153 153 214 255
255 255 255 255 255 255 255 255 255 255 255 255 255 255 255 255

255 255 255 255 255 255 255 255 255 255 255 255 255 255 255 255
255 214 153 153 153 153 153 153 153 153 153 153 153 153 214 255
255 153   0   0   0   0   0   0   0   0   0   0   0   0 153 255
255 153   0   0   0   0   0   0   0   0   0   0   0   0 153 255
255 153   0   0   9  48  48  48  48  48  43   8   0   0 153 255
255 153   0   0  48 240 240 240 232 153 112  28   0   0 153 255
255 153   0   0  48 240 240 240 239 233 188  33   0   0 153 255
255 153   0   0  48 240 240 240 232  98  91  28   0   0 153 255
255 153   0   0  48 240 240 240 231 153 128  45   0   0 153 255
255 153   0   0  48 240 240 240 230 120 125  39   0   0 153 255
255 153   0   0  48 240 240 240 231 125 122  38   0   0 153 255
255 153   0   0   9  48  48  48  48  43  42   9   0   0 153 255
255 153   0   0   0   0   0   0   0   0   0   0   0   0 153 255
255 153   0   0   0   0   0   0   0   0   0   0   0   0 153 255
255 214 153 153 153 153 153 153 153 153 153 153 153 153 214 255
255 255 255 255 255 255 255 255 255 255 255 255 255 255 255 255
255 255 255 255 255 255 255 255 255 255 255 255 255 255 255 255
255 214 153 153 153 153 153 153 153 153 153 153 153 153 214 255
255 153   0   0   0   0   0   0   0   0   0   0   0   0 153 255
255 153   0   0   0   0   0   0   0   0   0   0   0   0 153 255
255 153   0   0   9  48  48  48  48  48  43   8   0   0 153 255
255 153   0   0  48 240 240 240 232 153 112  28   0   0 153 255
255 153   0   0  48 240 240 240 239 233 188  33   0   0 153 255
255 153   0   0  48 240 240 240 232  98  91  28   0   0 153 255
255 153   0   0  48 240 240 240 231 153 128  45   0   0 153 255
255 153   0   0  48 240 240 240 230 120 125  39   0   0 153 255
255 153   0   0  48 240 240 240 231 125 122  38   0   0 153 255
255 153   0   0   9  48  48  48  48  43  42   9   0   0 153 255
255 153   0   0   0   0   0   0   0   0   0   0   0   0 153 255
255 153   0   0   0   0   0   0   0   0   0   0   0   0 153 255
255 214 153 153 153 153 153 153 153 153 153 153 153 153 214 255
255 255 255 255 255 255 255 255 255 255 255 255 255 255 255 255
255 255 255 255 255 255 255 255 255 255 255 255 255 255 255 255
255 214 153 153 153 153 153 153 153 153 153 153 153 153 214 255
255 153   0   0   0   0   0   0   0   0   0   0   0   0 153 255
255 153   0   0   0   0   0   0   0   0   0   0   0   0 153 255
255 153   0   0   9  48  48  48  48  48  43   8   0   0 153 255
255 153   0   0  48 240 240 240 232 153 112  28   0   0 153 255
255 153   0   0  48 240 240 240 239 233 188  33   0   0 153 255
255 153   0   0  48 240 240 240 232  98  91  28   0   0 153 255
255 153   0   0  48 240 240 240 231 153 128  45   0   0 153 255
255 153   0   0  48 240 240 240 230 120 125  39   0   0 153 255
255 153   0   0  48 240 240 240 231 125 122  38   0   0 153 255
255 153   0   0   9  48  48  48  48  43  42   9   0   0 153 255
255 153   0   0   0   0   0   0   0   0   0   0   0   0 153 255
255 153   0   0   0   0   0   0   0   0   0   0   0   0 153 255
255 214 153 153 153 153 153 153 153 153 153 153 153 153 214 255
255 255 255 255 255 255 255 255 255 255 255 255 255 255 255 255
